[[5.69310416e-02 1.38449522e-02 3.85978946e-02 1.69452401e-02
  2.37933122e-02 6.92211316e-03 2.04585610e-02 7.05204796e-03
  1.42231423e-02 1.78126819e-02 4.84337412e-02 2.23023285e-02
  9.56073327e-03 5.93780261e-03 1.58280912e-02 1.84521934e-03
  3.26346858e-02 5.95812760e-03 1.58048626e-02 7.52605592e-03
  1.50158172e-02 2.01072289e-03 1.30660693e-02 2.66184867e-03
  1.05174599e-02 5.80206066e-03 1.89225719e-02 3.68753512e-03
  4.82137957e-03 4.32414305e-03 1.64349375e-02 9.57452523e-04
  2.03249967e-05 1.02285546e-02 2.78793624e-02 1.01624983e-05
  1.95388549e-02 3.19029859e-03 1.62970179e-02 3.06544504e-03
  4.02042953e-02 1.23234810e-02 3.23479581e-02 1.56662171e-02
  5.80714191e-06 1.37992210e-03 4.80395815e-03 7.78592552e-03
  5.18243862e-02 1.41040959e-02 4.41342785e-02 1.55362823e-02
  2.38426729e-02 8.58077807e-03 2.88912569e-02 7.05640332e-03
  1.83164515e-02 9.73422163e-03 2.97383737e-02 9.80172966e-03
  1.74649793e-02 8.74482983e-03 3.06646129e-02 6.18242846e-03]
 [3.29247596e-02 2.89835199e-02 4.84597022e-02 1.85819204e-02
  4.75882945e-03 3.03385515e-02 1.62802836e-02 1.64601681e-02
  2.84645089e-02 4.40591673e-02 3.87923853e-02 1.60613259e-02
  1.62065605e-02 2.85795171e-02 2.02001436e-02 1.29620046e-02
  1.58136161e-02 9.46015485e-03 2.24501742e-02 3.98399913e-03
  8.27616103e-03 6.35124953e-03 1.97651770e-03 1.04613153e-03
  1.03212413e-05 1.50277273e-02 1.72453197e-02 7.96431210e-03
  3.26741009e-03 6.68300372e-03 7.06857580e-03 2.71596091e-03
  4.11404677e-02 1.85605407e-02 1.51390492e-02 1.08033907e-02
  5.16062063e-06 1.72261517e-02 1.00145530e-02 4.83845046e-03
  2.72775662e-05 5.10053626e-02 5.65169055e-02 3.32388203e-02
  1.89129374e-02 2.36842998e-02 2.33665530e-02 1.45610597e-02
  1.21790647e-02 9.39749017e-03 1.75107230e-02 6.04898461e-03
  1.33438905e-03 8.71112763e-03 5.84550871e-03 4.25013971e-03
  1.02239267e-02 1.36682724e-02 1.36749074e-02 5.96494022e-03
  3.20474541e-03 8.38158514e-03 6.98379418e-03 2.12543847e-03]
 [4.72390911e-02 1.76810803e-02 3.49435714e-02 2.22952716e-02
  1.65375117e-02 8.68249035e-03 1.56409971e-02 6.69634910e-03
  3.31829073e-02 1.48955199e-02 3.47483016e-02 1.67856445e-02
  1.88796696e-02 1.08854781e-02 1.58664743e-02 1.16201669e-02
  2.07126158e-02 9.03958581e-03 1.66453956e-02 1.01950216e-02
  1.11465569e-02 5.19460624e-03 1.12663080e-02 3.86763518e-03
  1.76368479e-02 9.62431615e-03 2.21582591e-02 1.00105402e-02
  7.37493837e-03 4.08663934e-03 6.76323708e-03 3.94746921e-03
  3.74950239e-02 1.37400841e-02 3.32929488e-02 1.77501260e-02
  2.30083837e-02 9.70199251e-03 1.87404995e-02 7.30912924e-03
  3.69512894e-02 1.72991716e-02 4.78238214e-02 2.11031553e-02
  2.27613297e-02 9.76240745e-03 1.68805823e-02 1.09599179e-02
  1.77317857e-02 8.34805049e-03 1.52504577e-02 9.89618339e-03
  9.80663982e-03 5.04572656e-03 1.06632374e-02 4.13410823e-03
  1.41446485e-02 8.23800898e-03 1.78105409e-02 9.35784310e-03
  9.41394269e-03 5.05219959e-03 8.94788456e-03 5.32838218e-03]
 [0.00000000e+00 0.00000000e+00 0.00000000e+00 0.00000000e+00
  0.00000000e+00 0.00000000e+00 0.00000000e+00 0.00000000e+00
  2.10437710e-04 6.31313131e-04 6.31313131e-04 8.43855219e-01
  0.00000000e+00 0.00000000e+00 0.00000000e+00 0.00000000e+00
  0.00000000e+00 0.00000000e+00 0.00000000e+00 0.00000000e+00
  0.00000000e+00 0.00000000e+00 0.00000000e+00 0.00000000e+00
  0.00000000e+00 0.00000000e+00 0.00000000e+00 0.00000000e+00
  0.00000000e+00 0.00000000e+00 0.00000000e+00 0.00000000e+00
  0.00000000e+00 0.00000000e+00 0.00000000e+00 0.00000000e+00
  0.00000000e+00 0.00000000e+00 0.00000000e+00 0.00000000e+00
  0.00000000e+00 0.00000000e+00 0.00000000e+00 8.52272727e-02
  0.00000000e+00 0.00000000e+00 0.00000000e+00 0.00000000e+00
  0.00000000e+00 0.00000000e+00 0.00000000e+00 0.00000000e+00
  0.00000000e+00 0.00000000e+00 0.00000000e+00 0.00000000e+00
  0.00000000e+00 0.00000000e+00 2.10437710e-04 6.92340067e-02
  0.00000000e+00 0.00000000e+00 0.00000000e+00 0.00000000e+00]
 [0.00000000e+00 0.00000000e+00 0.00000000e+00 0.00000000e+00
  0.00000000e+00 0.00000000e+00 0.00000000e+00 0.00000000e+00
  0.00000000e+00 0.00000000e+00 0.00000000e+00 0.00000000e+00
  0.00000000e+00 0.00000000e+00 0.00000000e+00 0.00000000e+00
  0.00000000e+00 0.00000000e+00 0.00000000e+00 0.00000000e+00
  0.00000000e+00 0.00000000e+00 0.00000000e+00 0.00000000e+00
  0.00000000e+00 0.00000000e+00 0.00000000e+00 0.00000000e+00
  0.00000000e+00 0.00000000e+00 0.00000000e+00 0.00000000e+00
  6.87079125e-01 0.00000000e+00 0.00000000e+00 1.82870370e-01
  0.00000000e+00 0.00000000e+00 0.00000000e+00 0.00000000e+00
  0.00000000e+00 0.00000000e+00 0.00000000e+00 0.00000000e+00
  1.30050505e-01 0.00000000e+00 0.00000000e+00 0.00000000e+00
  0.00000000e+00 0.00000000e+00 0.00000000e+00 0.00000000e+00
  0.00000000e+00 0.00000000e+00 0.00000000e+00 0.00000000e+00
  0.00000000e+00 0.00000000e+00 0.00000000e+00 0.00000000e+00
  0.00000000e+00 0.00000000e+00 0.00000000e+00 0.00000000e+00]
 [0.00000000e+00 0.00000000e+00 0.00000000e+00 0.00000000e+00
  0.00000000e+00 0.00000000e+00 0.00000000e+00 0.00000000e+00
  0.00000000e+00 0.00000000e+00 0.00000000e+00 0.00000000e+00
  0.00000000e+00 0.00000000e+00 0.00000000e+00 0.00000000e+00
  0.00000000e+00 0.00000000e+00 0.00000000e+00 0.00000000e+00
  0.00000000e+00 0.00000000e+00 0.00000000e+00 0.00000000e+00
  1.85761227e-01 0.00000000e+00 0.00000000e+00 0.00000000e+00
  0.00000000e+00 0.00000000e+00 0.00000000e+00 0.00000000e+00
  0.00000000e+00 0.00000000e+00 0.00000000e+00 0.00000000e+00
  1.04052574e-01 0.00000000e+00 0.00000000e+00 0.00000000e+00
  7.10186199e-01 0.00000000e+00 0.00000000e+00 0.00000000e+00
  0.00000000e+00 0.00000000e+00 0.00000000e+00 0.00000000e+00
  0.00000000e+00 0.00000000e+00 0.00000000e+00 0.00000000e+00
  0.00000000e+00 0.00000000e+00 0.00000000e+00 0.00000000e+00
  0.00000000e+00 0.00000000e+00 0.00000000e+00 0.00000000e+00
  0.00000000e+00 0.00000000e+00 0.00000000e+00 0.00000000e+00]
 [0.00000000e+00 0.00000000e+00 8.76232202e-04 0.00000000e+00
  0.00000000e+00 0.00000000e+00 0.00000000e+00 0.00000000e+00
  0.00000000e+00 0.00000000e+00 0.00000000e+00 0.00000000e+00
  0.00000000e+00 0.00000000e+00 0.00000000e+00 0.00000000e+00
  8.45564074e-02 7.92990142e-02 8.34392114e-01 2.19058050e-04
  0.00000000e+00 0.00000000e+00 0.00000000e+00 0.00000000e+00
  0.00000000e+00 0.00000000e+00 0.00000000e+00 0.00000000e+00
  0.00000000e+00 0.00000000e+00 0.00000000e+00 0.00000000e+00
  0.00000000e+00 0.00000000e+00 4.38116101e-04 0.00000000e+00
  0.00000000e+00 0.00000000e+00 0.00000000e+00 0.00000000e+00
  0.00000000e+00 0.00000000e+00 0.00000000e+00 0.00000000e+00
  0.00000000e+00 0.00000000e+00 0.00000000e+00 0.00000000e+00
  0.00000000e+00 0.00000000e+00 2.19058050e-04 0.00000000e+00
  0.00000000e+00 0.00000000e+00 0.00000000e+00 0.00000000e+00
  0.00000000e+00 0.00000000e+00 0.00000000e+00 0.00000000e+00
  0.00000000e+00 0.00000000e+00 0.00000000e+00 0.00000000e+00]]